41
467
334
0
169
224
478
358
462
464
205
145
281
327
461
491
495
442
327
436
391
104
402
153
292
382
421
216
218
395
447
226
271
38
369
412
167
299
35
394
203
311
322
333
173
164
141
211
253
368
47
144
162
257
37
359
223
241
29
278
316
35
190
342
288
106
40
442
264
148
446
305
390
229
370
350
6
101
393
48
129
123
84
454
256
340
466
376
431
308
444
439
126
323
37
38
118
82
429
41
333
115
139
158
204
430
477
306
173
386
21
245
424
72
270
329
277
73
97
12
486
290
161
136
355
267
155
74
31
52
350
150
441
224
466
430
107
191
7
337
457
287
253
383
445
409
209
258
221
88
422
446
6
30
413
168
400
91
262
155
410
359
124
37
48
483
95
41
102
350
291
336
374
20
96
21
348
199
168
484
281
234
53
499
418
438
400
288
127
467
228
393
148
483
307
421
310
117
313
14
309
116
435
451
100
249
19
56
298
303
224
8
344
109
489
202
195
485
93
343
23
87
314
3
448
200
458
118
80
296
298
281
89
298
9
157
472
122
38
292
38
179
190
157
458
191
315
388
156
11
202
134
272
55
328
146
362
386
375
433
369
142
344
416
381
498
322
151
21
199
57
476
392
389
75
212
100
10
3
369
361
188
401
289
255
423
2
85
182
285
88
426
117
257
332
432
169
154
221
189
476
329
368
192
425
55
434
49
441
12
145
60
218
253
139
423
279
496
187
29
49
437
366
449
193
195
297
416
286
105
488
282
455
234
114
201
316
171
286
263
313
355
185
53
412
308
332
445
313
256
321
58
146
482
481
144
196
222
129
161
35
450
173
466
44
159
292
439
253
24
154
10
245
149
186
313
474
22
168
18
287
405
458
391
202
125
477
414
314
324
334
374
372
159
333
70
487
297
18
177
273
270
263
168
192
485
102
480
213
127
302
99
27
125
43
424
23
472
61
181
3
432
5
93
225
31
492
142
222
286
64
400
187
360
413
474
270
170
235
333
211
260
396
167
285
50
140
194
195
124
19
125
76
194
158
302
371
466
178
93
351
484
18
464
119
152
300
87
60
426
10
257
170
315
76
227
43
258
164
109
382
86
65
487
77
474
125
127
129
428
423
20
402
462
123
96
237
261
195
25
264
260
202
116
30
326
11
271
411
47
153
20
290
424
188
263
440
351
162
329
400
213
458
78
365
7
477
200
58
439
303
260
357
324
477
108
113
387
301
350
460
428
493
384
405
40
111
204
335
356
72
350
323
485
56
216
126
357
26
357
337
271
369
361
396
22
117
112
217
196
85
41
423
129
229
65
59
432
296
355
53
462
84
234
154
472
457
369
32
463
107
483
411
135
67
348
175
438
223
142
254
11
241
175
459
325
221
370
126
434
205
283
350
398
279
201
193
234
137
34
56
493
176
205
462
48
381
300
413
141
355
355
142
462
111
377
424
178
252
443
296
173
40
313
375
72
318
110
17
432
112
195
169
331
40
488
185
90
497
89
490
145
353
314
151
240
44
258
335
259
192
105
264
181
3
329
275
108
292
497
49
56
61
127
467
41
129
240
313
174
101
77
215
183
213
492
324
101
392
259
170
428
27
84
75
286
498
470
287
347
104
3
221
163
206
363
10
171
489
240
164
42
119
413
91
204
318
232
250
205
475
39
303
422
98
247
84
148
471
364
413
75
45
212
46
178
269
262
19
485
289
444
365
40
245
8
318
370
101
323
132
472
152
87
70
263
401
103
423
27
100
469
15
65
28
43
347
88
443
137
409
463
49
181
88
342
108
60
221
258
454
388
146
190
449
343
430
120
248
67
36
283
35
226
185
38
353
129
224
248
423
359
257
266
444
455
318
226
411
25
355
1
49
496
84
15
464
342
75
413
142
196
448
72
426
106
173
429
404
205
126
312
375
93
65
36
236
141
314
494
256
152
436
338
482
355
15
131
230
341
125
11
137
186
190
150
162
134
393
353
416
452
8
262
233
454
303
134
303
256
148
124
317
213
109
28
200
80
318
358
50
155
361
264
403
176
143
409
402
61
489
448
282
153
174
220
402
423
331
369
378
259
8
119
471
3
445
281
4
392
185
313
198
89
222
438
37
410
461
234
8
461
459
493
15
269
437
369
58
200
471
264
117
215
55
315
330
39
212
288
82
454
85
210
484
274
380
315
451
41
115
179
110
398
73
288
477
132
456
189
113
8
441
290
223
363
28
184
278
200
71
385
474
71
333
367
153
295
168
325
176
129
150
98
309
193
186
80
116
249
